4557
9233
8064
5775
6900
2389
6444
2584
4503
6890
9531
3254
8429
8026
5601
7725
1734
2308
6417
472
151
4530
5320
6204
175
7116
3327
5042
3147
9323
144
4260
9439
724
3861
8427
997
7067
1568
2303
3526
5223
1467
6946
2044
5138
622
3253
3626
8025
9611
8173
3601
6737
8456
414
6792
67
6518
483
9252
3875
495
4869
7676
6284
1247
760
9015
7268
2249
4474
5377
8196
3124
636
5654
4998
8261
7108
1011
5045
3123
9831
7433
8808
9481
9369
1205
818
4178
5970
9196
8331
632
9490
2498
8062
4678
3908
1713
8332
7732
9506
5588
3677
1093
540
7382
801
8638
302
4342
4919
1692
6917
7013
9725
49
532
3179
5520
5255
2539
6506
3145
4624
496
9558
473
2410
4325
3415
1855
5755
2593
4710
7254
7897
9742
7493
5948
1356
9795
6335
7289
5354
7640
2375
4268
745
61
5063
654
7773
8643
5550
8082
339
6142
7804
3979
4469
1773
2914
8700
262
1284
6722
3133
8965
3296
9498
924
5593
381
8204
170
2193
3688
5303
4350
7139
7191
3080
5785
9092
1867
9312
811
8602
6065
4094
6860
6677
5833
3973
6036
1564
5098
3264
317
5176
4117
9789
58
8707
2051
9192
1991
1068
6872
9782
8826
6957
4552
1961
7526
7503
6158
3974
1052
3488
4145
3923
7502
2542
2998
8596
5680
7281
7478
4452
8097
6848
1116
9968
1515
3400
2434
3480
6615
5729
863
7621
1779
1132
3
6797
1671
223
36
9367
9472
6066
6202
1238
4535
7360
5277
729
3089
6223
2565
163
6769
6725
558
8470
3819
3435
9750
6932
5208
606
2558
8087
1664
1289
9458
6193
7903
7579
4468
2345
2018
7637
5166
5565
5761
5872
7570
3216
6006
4369
31
8785
6343
7995
2164
6196
236
4659
3730
8569
952
5689
2654
4441
3418
4893
8823
6938
3724
5639
4272
8299
8255
5069
5542
5625
6293
7190
109
1571
6038
8416
8756
3074
8073
5322
8989
3496
126
1825
5555
5771
7993
9939
5181
8515
669
8089
6172
2377
2647
7925
3056
3073
8455
7981
2009
9474
9059
9427
4012
2496
4635
3830
931
1351
3709
8915
9399
2855
4916
8318
5980
7056
7851
4247
2985
6245
2782
2997
1969
7611
215
9569
4071
9524
8818
6826
7272
3426
8099
7045
9359
1257
1129
8974
2333
8765
1374
544
7291
4265
2011
9859
7945
3362
8799
8402
122
9200
3913
2254
9877
3082
3738
595
7653
8810
7716
7307
7220
217
2135
1123
2577
475
8834
3486
7349
8164
3950
5707
1521
1960
3600
5974
55
9606
616
8381
1057
9360
1118
9322
7224
2915
3390
7856
2494
3095
8275
9138
4790
8625
5105
8235
6750
6827
3574
5723
539
6979
9429
8546
4500
5380
45
384
4788
6365
487
6462
2348
3926
7362
6949
6421
6524
1676
132
2608
5326
6591
7058
5213
1622
9610
4391
6492
2205
7314
7305
5334
6109
7216
1
5958
6627
1583
4753
8571
4435
2136
8396
8789
