170
95
162
5
23
115
159
153
149
74
13
25
12
64
93
16
65
155
84
29
117
165
58
131
85
177
168
1
20
99
36
190
56
91
61
144
135
152
92
158
196
171
21
51
140
2
133
173
191
104
106
185
48
134
79
6
47
87
129
86
71
75
189
50
17
187
83
128
96
147
10
24
113
90
198
169
127
163
126
54
188
9
8
44
18
15
136
42
11
27
125
97
94
138
40
53
122
30
167
137
130
197
77
43
186
145
184
179
194
109
82
176
98
49
105
200
32
154
35
52
150
70
195
180
114
103
182
193
161
111
101
66
121
28
166
38
172
181
148
178
0
76
78
108
157
7
116
3
123
19
107
102
151
88
22
41
143
132
37
26
31
141
55
46
124
72
192
183
62
174
119
175
63
81
57
110
60
199
34
69
80
68
14
118
142
100
139
73
67
59
89
112
45
146
33
4
120
39
164
160
156
